0.0017066   0.000460984   0.00176777
0.00323395   0.00135105   0.00353553
0.00447634   0.00260861   0.0053033
0.00534781   0.00414664   0.00707107
0.00578806   0.00585871   0.00883883
0.00576661   0.00762635   0.0106066
0.00528495   0.00932723   0.0123744
0.00437642   0.0108437   0.0141421
0.00310388   0.0120707   0.0159099
0.00155539   0.0129235   0.0176777
-0.000161894   0.0133429   0.0194454
-0.00192914   0.0133   0.0212132
-0.00362406   0.0127978   0.022981
-0.00512936   0.0118709   0.0247487
-0.00634087   0.0105836   0.0265165
-0.00717477   0.00902483   0.0282843
-0.00757335   0.00730259   0.030052
-0.00750902   0.00553599   0.0318198
-0.00698624   0.00384729   0.0335876
-0.00604118   0.00235335   0.0353553
-0.00473925   0.00115754   0.0371231
-0.00317052   0.00034261   0.0388909
-0.00144357   -3.50432e-05   0.0406586
0.000322119   5.07116e-05   0.0424264
0.00200435   0.000593941   0.0441942
0.00348672   0.00155705   0.0459619
0.00466664   0.0028734   0.0477297
0.00546248   0.0044519   0.0494975
0.00581915   0.00618331   0.0512652
0.00571198   0.00794783   0.053033
0.00514837   0.00962334   0.0548008
0.00416735   0.0110939   0.0565685
0.00283678   0.0122578   0.0583363
0.00124874   0.0130344   0.0601041
-0.00048687   0.01337   0.0618718
-0.00224995   0.0132415   0.0636396
-0.00391851   0.0126576   0.0654074
-0.00537707   0.0116588   0.0671751
-0.00652471   0.0103142   0.0689429
-0.007282   0.00871684   0.0707107
-0.00759656   0.00697728   0.0724785
-0.0074466   0.00521589   0.0742462
-0.0068425   0.00355454   0.076014
-0.00582608   0.00210821   0.0777818
-0.00446766   0.000976972   0.0795495
-0.00286125   0.000239113   0.0813173
-0.001118   -5.43089e-05   0.0830851
0.000641446   0.000117011   0.0848528
0.00229534   0.000741217   0.0866206
0.00372924   0.00177511   0.0883884
0.00484391   0.00314716   0.0901561
0.00556222   0.00476241   0.0919239
0.00583447   0.00650908   0.0936917
0.00564182   0.00826632   0.0954594
0.00499759   0.00991252   0.0972272
0.00394637   0.0113338   0.098995
0.0025609   0.0124317   0.100763
0.000937055   0.0131304   0.102531
-0.000812797   0.0133814   0.104298
-0.00256757   0.0131674   0.106066
-0.00420583   0.0125033   0.107834
-0.00561421   0.0114349   0.109602
-0.00669526   0.0100362   0.111369
-0.00737417   0.00840401   0.113137
-0.00760396   0.00665124   0.114905
-0.00736872   0.00489919   0.116673
-0.00668473   0.00326911   0.11844
-0.00559934   0.00187379   0.120208
-0.00418763   0.000809794   0.121976
-0.00254731   0.000150743   0.123744
-0.000791885   -5.77584e-05   0.125511
0.000957177   0.000198722   0.127279
0.00257884   0.000902434   0.129047
0.00396089   0.00200468   0.130815
0.00500768   0.00342919   0.132583
0.00564678   0.00507739   0.13435
0.00583396   0.00683522   0.136118
0.00555628   0.00858104   0.137886
0.00483294   0.010194   0.139654
0.003714   0.0115626   0.141421
0.0022769   0.012592   0.143189
0.000621067   0.0132111   0.144957
-0.0011389   0.0133769   0.146725
-0.00288123   0.0130781   0.148492
-0.00448534   0.0123352   0.15026
-0.00584023   0.0111998   0.152028
-0.00685214   0.00975028   0.153796
-0.00745106   0.00808706   0.155564
-0.00759553   0.00632521   0.157331
-0.00727557   0.00458664   0.159099
-0.0065133   0.00299167   0.160867
-0.00536149   0.00165065   0.162635
-0.00389982   0.000656397   0.164402
-0.00222946   7.77036e-05   0.16617
-0.000465983   -4.53823e-05   0.167938
0.00126858   0.000295654   0.169706
0.00285419   0.00107721   0.171473
0.00418113   0.00224521   0.173241
0.00515758   0.00371883   0.175009
0.00571596   0.00539609   0.176777
0.00581764   0.00716093   0.178545
0.00545559   0.00889123   0.180312
0.00465484   0.0104672   0.18208
0.00347083   0.0117799   0.183848
0.00198547   0.0127384   0.185616
0.000301557   0.0132764   0.187383
-0.00146439   0.0133567   0.189151
-0.00319016   0.0129736   0.190919
-0.00475634   0.0121538   0.192687
-0.00605455   0.010954   0.194454
-0.00699495   0.0094571   0.196222
-0.00751247   0.00776678   0.19799
-0.0075713   0.00599999   0.199758
-0.00716736   0.00427899   0.201526
-0.00632861   0.00272288   0.203293
-0.00511309   0.00143932   0.205061
-0.00360491   0.000517153   0.206829
-0.00190844   2.01799e-05   0.208597
-0.000141069   -1.72043e-05   0.210364
0.0015749   0.000407584   0.212132
0.00312073   0.00126515   0.2139
0.00438944   0.00249616   0.215668
0.00529324   0.00401541   0.217435
0.00576959   0.00571779   0.219203
0.00578553   0.00748549   0.220971
0.00533995   0.00919618   0.222739
0.00446369   0.0107315   0.224507
0.00321738   0.0119852   0.226274
0.00168727   0.0128705   0.228042
-2.07625e-05   0.0133261   0.22981
-0.00178852   0.0133206   0.231578
-0.00349368   0.0128543   0.233345
-0.00501824   0.0119595   0.235113
-0.0062567   0.0106981   0.236881
-0.00712337   0.00915731   0.238649
-0.00755828   0.00744388   0.240416
-0.00753132   0.00567632   0.242184
-0.00704436   0.00397694   0.243952
-0.0061311   0.00246335   0.24572
-0.00485474   0.00124028   0.247488
-0.00330359   0.000392373   0.249255
-0.001585   -2.1705e-05   0.251023
0.0001821   2.67007e-05   0.252791
0.00187544   0.000534241   0.254559
0.00337784   0.0014658   0.256326
0.00458533   0.00275691   0.258094
0.00541436   0.00431823   0.259862
0.00580755   0.00604171   0.26163
0.00573771   0.0078081   0.263397
0.00520965   0.00949515   0.265165
0.00425994   0.0109861   0.266933
0.00295427   0.0121779   0.268701
0.00138301   0.0129879   0.270469
-0.000345119   0.0133602   0.272236
-0.00211053   0.0132689   0.274004
-0.00379105   0.0127204   0.275772
-0.0052704   0.0117527   0.27754
-0.00644621   0.0104326   0.279307
-0.00723711   0.00885165   0.281075
-0.00758837   0.00711913   0.282843
-0.00747568   0.00535496   0.284611
-0.00690684   0.00368122   0.286378
-0.00592122   0.00221372   0.288146
-0.00458702   0.00105401   0.289914
-0.00299657   0.000282356   0.291682
-0.00125992   -4.78528e-05   0.293449
0.000502756   8.6232e-05   0.295217
0.00216948   0.000675332   0.296985
0.00362491   0.00167869   0.298753
0.00476834   0.00302686   0.300521
0.00552064   0.00462656   0.302288
0.00582975   0.00636709   0.304056
0.00567429   0.00812801   0.305824
0.00506501   0.00978746   0.307592
0.00404407   0.0112306   0.309359
0.00268212   0.0123576   0.311127
0.00107341   0.0130904   0.312895
-0.000670746   0.0133784   0.314663
-0.00242965   0.0132016   0.31643
-0.00408158   0.0125722   0.318198
-0.00551224   0.0115338   0.319966
-0.00662262   0.0101583   0.321734
-0.00733588   0.00854083   0.323502
-0.00760266   0.00679331   0.325269
-0.00740452   0.00503668   0.327037
-0.00675515   0.0033925   0.328805
-0.00569949   0.00197455   0.330573
-0.00431059   0.000880947   0.33234
-0.00268457   0.000187363   0.334108
-0.000933947   -5.82043e-05   0.335876
0.000820146   0.000161244   0.337644
0.00245633   0.00083051   0.339411
0.00386137   0.00190329   0.341179
0.00493806   0.00330534   0.342947
0.00561188   0.00493965   0.344715
0.00583621   0.00669312   0.346482
0.00559552   0.00844443   0.34825
0.00490648   0.0100724   0.350018
0.00381676   0.0114643   0.351786
