0.00174733   0.000231838   0.00176777
0.00337375   0.000911309   0.00353553
0.00476671   0.00199139   0.0053033
0.00582981   0.00339735   0.00707107
0.0064895   0.0050319   0.00883883
0.00670012   0.00678191   0.0106066
0.0064471   0.0085263   0.0123744
0.00574795   0.0101444   0.0141421
0.00465104   0.0115241   0.0159099
0.00323229   0.0125701   0.0176777
0.00158986   0.0132099   0.0194454
-0.000162577   0.0133993   0.0212132
-0.00190377   0.0131251   0.022981
-0.00351322   0.0124064   0.0247487
-0.00487956   0.0112928   0.0265165
-0.00590824   0.00986146   0.0282843
-0.00652808   0.0082114   0.030052
-0.00669618   0.00645679   0.0318198
-0.00640091   0.00471905   0.0335876
-0.00566271   0.00311843   0.0353553
-0.00453265   0.0017657   0.0371231
-0.00308893   0.000754463   0.0388909
-0.00143147   0.00015469   0.0406586
0.000325049   7.88875e-06   0.0424264
0.00205908   0.000324219   0.0441942
0.00365062   0.00108179   0.0459619
0.00498954   0.00222818   0.0477297
0.00598319   0.00368405   0.0494975
0.00656281   0.00534868   0.0512652
0.00668829   0.00710685   0.053033
0.00635095   0.00883691   0.0548008
0.00557412   0.0104191   0.0565685
0.00441157   0.0117441   0.0583363
0.00294374   0.01272   0.0601041
0.00127221   0.0132794   0.0618718
-0.000487359   0.0133835   0.0636396
-0.0022132   0.0130252   0.0654074
-0.00378589   0.0122292   0.0671751
-0.0050966   0.0110507   0.0689429
-0.00605463   0.00957111   0.0707107
-0.00659369   0.00789291   0.0724785
-0.00667646   0.0061322   0.0742462
-0.00629724   0.00441084   0.076014
-0.00548224   0.00284792   0.0777818
-0.00428789   0.00155161   0.0795495
-0.00279681   0.000611601   0.0813173
-0.0011122   9.29485e-05   0.0830851
0.000649377   3.15407e-05   0.0848528
0.00236602   0.000431627   0.0866206
0.00391893   0.00126552   0.0883884
0.00520066   0.00247552   0.0901561
0.0061225   0.00397789   0.0919239
0.00662068   0.00566867   0.0936917
0.00666071   0.00743086   0.0954594
0.00623982   0.00914252   0.0972272
0.00538714   0.0106852   0.098995
0.00416168   0.0119522   0.100763
0.00264824   0.0128557   0.102531
0.000951535   0.0133333   0.104298
-0.000811012   0.013352   0.106066
-0.00251744   0.0129103   0.107834
-0.00404966   0.012039   0.109602
-0.00530165   0.0107983   0.111369
-0.00618677   0.00927398   0.113137
-0.00664377   0.0075716   0.114905
-0.00664103   0.00580896   0.116673
-0.00617873   0.00410802   0.11844
-0.00528887   0.00258648   0.120208
-0.00403303   0.00134964   0.121976
-0.0024981   0.000483079   0.123744
-0.000790311   4.67703e-05   0.125511
0.000972175   7.09003e-05   0.127279
0.00266738   0.000553799   0.129047
0.00417801   0.00146206   0.130815
0.00539952   0.00273282   0.132583
0.00624739   0.00427814   0.13435
0.00666295   0.00599111   0.136118
0.00661743   0.00775316   0.137886
0.006114   0.00944239   0.139654
0.00518748   0.0109419   0.141421
0.00390199   0.0121479   0.143189
0.00234649   0.0129769   0.144957
0.000628616   0.0133717   0.146725
-0.00113277   0.0133048   0.148492
-0.00281575   0.0127809   0.15026
-0.0043039   0.0118363   0.152028
-0.00549421   0.0105362   0.153796
-0.00630433   0.00897078   0.155564
-0.0066782   0.00724823   0.157331
-0.00658994   0.00548781   0.159099
-0.00604567   0.00381129   0.160867
-0.00508304   0.00233473   0.162635
-0.00376866   0.00116027   0.164402
-0.0021935   0.000369203   0.16617
-0.00046655   1.62622e-05   0.167938
0.00129268   0.000125873   0.169706
0.00296245   0.000690448   0.171473
0.00442724   0.00167093   0.173241
0.00558566   0.00299944   0.175009
0.00635756   0.00458409   0.176777
0.00668952   0.0063152   0.178545
0.00655858   0.00807297   0.180312
0.00597378   0.00973579   0.18208
0.00497561   0.0111886   0.183848
0.00363312   0.0123308   0.185616
0.00203923   0.0130834   0.187383
0.000304222   0.0133943   0.189151
-0.00145183   0.0132421   0.190919
-0.00310742   0.0126371   0.192687
-0.00454799   0.0116214   0.194454
-0.00567383   0.0102652   0.196222
-0.00640705   0.00866225   0.19799
-0.00669691   0.0069236   0.199758
-0.00652334   0.00516952   0.201526
-0.00589837   0.00352139   0.203293
-0.00486524   0.00209326   0.205061
-0.00349543   0.000983952   0.206829
-0.00188375   0.000270239   0.208597
-0.000141702   1.4985e-06   0.210364
0.00161014   0.000196331   0.212132
0.00325057   0.000841258   0.2139
0.00466605   0.00189164   0.215668
0.00575865   0.0032748   0.217435
0.00645276   0.00489504   0.219203
0.00670034   0.00664021   0.220971
0.00648427   0.00838955   0.222739
0.00581948   0.010022   0.224507
0.004752   0.0114247   0.226274
0.00335569   0.0125004   0.228042
0.00172716   0.0131748   0.22981
-2.09008e-05   0.0134012   0.231578
-0.0017675   0.0131639   0.233345
-0.00339178   0.0124794   0.235113
-0.00478138   0.0113949   0.236881
-0.00584009   0.00998568   0.238649
-0.00649467   0.00834909   0.240416
-0.00669984   0.00659843   0.242184
-0.00644137   0.00485482   0.243952
-0.00573718   0.00323896   0.24572
-0.00463598   0.00186264   0.247488
-0.00321395   0.000821093   0.249255
-0.00156954   0.000186416   0.251023
0.000183479   2.51252e-06   0.252791
0.0019238   0.000282108   0.254559
0.00353102   0.00100587   0.256326
0.00489388   0.00212369   0.258094
0.00591808   0.00355823   0.259862
0.00653277   0.00521024   0.26163
0.00669539   0.00696536   0.263397
0.00639469   0.00870216   0.265165
0.00565149   0.0103005   0.266933
0.0045172   0.0116497   0.268701
0.00307034   0.0126564   0.270469
0.00141102   0.013251   0.272236
-0.000345974   0.0133923   0.274004
-0.002079   0.0130705   0.275772
-0.00366816   0.012308   0.27754
-0.00500349   0.0111575   0.279307
-0.0059926   0.00969846   0.281075
-0.00656701   0.00803204   0.282843
-0.00668699   0.00627349   0.284611
-0.00634423   0.00454447   0.286378
-0.00556247   0.00296468   0.288146
-0.00439579   0.00164341   0.289914
-0.00292493   0.000672095   0.291682
-0.00125164   0.000117937   0.293449
0.000508241   1.93028e-05   0.295217
0.00223295   0.000383006   0.296985
0.00380316   0.00118389   0.298753
0.00511017   0.00236652   0.300521
0.00606357   0.00384906   0.302288
0.00659738   0.00552893   0.304056
0.00667465   0.0072899   0.305824
0.00629005   0.00901006   0.307592
0.00547018   0.0105704   0.309359
0.00427177   0.011863   0.311127
0.00277776   0.0127983   0.312895
0.00109154   0.0133117   0.314663
-0.000670208   0.0133676   0.31643
-0.00238561   0.0129622   0.318198
-0.0039359   0.0121234   0.319966
-0.00521383   0.0109094   0.321734
-0.00613099   0.00940418   0.323502
-0.00662387   0.00771186   0.325269
-0.00665839   0.00594955   0.327037
-0.00623216   0.00423923   0.328805
-0.00537466   0.0026992   0.330573
-0.00414525   0.00143609   0.33234
-0.00262899   0.000537283   0.334108
-0.00093081   6.49662e-05   0.335876
0.000831806   5.18301e-05   0.337644
0.00253681   0.000498774   0.339411
0.0040663   0.00137488   0.341179
0.00531439   0.0026195   0.342947
0.00619475   0.00414654   0.344715
0.00664644   0.0058503   0.346482
0.00663822   0.00761292   0.34825
0.00617065   0.00931238   0.350018
0.00527608   0.0108311   0.351786
